0 1 2 3 4 5 6 7 8 9 10 11 12 13 14 15 16 17 18 19 20 21 22 23 24 25 26 27 28 29:477:15 3 4 9 9 12 56 6 15 64 24 12 18 10 7 10 8 9 49 20 1 8 12 6 6 18 24 14 1 27
30 31 32:31:27 1 3
33 34 35:20:14 2 4
36 37 38 39 40 41 42 43 44 45 46:233:32 27 16 2 20 9 10 35 42 20 20
38 39 47 48:60:12 10 28 10
38 39 48 49 50 51 52 53 54 55 56 57 58:219:2 8 20 45 4 20 32 16 16 10 30 8 8
32 41 59 60 61 62:90:21 21 20 5 7 16
3 39 48:28:6 10 12
63 64 65 66 67 68:51:16 3 12 3 7 10
32 69:57:21 36
48 70 71 72:54:14 16 12 12
39 73 74 75 76 77 78 79:108:7 28 9 6 8 10 20 20
36 38 39 41 48 79 80 81:163:48 14 3 12 2 32 12 40
82 83 84:96:1 88 7
41 85 86 87 88:69:15 24 7 8 15
39 48 89 90 91 92 93 94 95 96 97 98 99 100 101:200:3 16 6 9 4 14 14 12 12 36 4 7 3 40 20
36 38 39 48 89:93:64 14 7 4 4
39 41 102 103 104 105 106 107 108:106:7 3 30 3 8 8 27 2 18
38 39 41 109 110:71:6 6 21 36 2
39 111 112 113 114 115 116 117 118:130:2 6 5 25 12 15 32 3 30
119 120 121 122 123 124 125 126 127 128 129 130 131 132 133:357:16 12 16 12 30 7 16 54 70 35 4 20 50 12 3
48 134 135 136:82:20 7 25 30
39 48 137 138 139 140 141 142 143 144 145 146 147 148 149:308:3 18 15 28 1 80 6 50 16 10 8 40 6 25 2
39 150 151 152:45:9 8 16 12
38 39 56 153 154 155:84:16 1 25 28 9 5
48 156 157 158 159 160:132:2 40 12 24 36 18
39 41 48:20:8 6 6
161 162 163 164 165 166 167:98:2 9 24 5 20 8 30
38 39 48 168 169 170 171 172 173:130:10 9 18 3 8 24 18 32 8
32 39 41 48 174 175 176 177 178:145:12 10 6 6 40 25 27 7 12
32 38 39 47 48 179 180 181 182 183:75:18 2 1 12 12 6 12 2 4 6
39 184 185 186:45:2 15 7 21
36 38 41 48 140 187 188:143:24 6 15 14 48 28 8
39 48 186 189 190 191 192 193 194 195 196 197 198 199 200:159:8 14 12 8 14 4 16 9 20 20 12 5 3 12 2
39 201 202 203 204 205 206 207 208 209:85:9 10 6 8 7 9 16 5 12 3
39 65 193 210 211 212 213 214 215:111:5 8 6 42 6 16 3 9 16
179 216 217 218 219 220 221 222 223 224:179:10 32 12 24 12 12 35 6 24 12
225 226 227:34:4 18 12
39 41 48 228 229 230 231:62:1 12 8 3 5 18 15
36 38 39 232 233 234 235 236 237 238 239 240 241 242:100:8 10 3 10 1 4 12 6 10 4 20 5 5 2
39 243 244 245:25:7 2 15 1
39 41 48 246 247 248 249 250:78:5 15 6 6 16 2 25 3
39 48 65 251 252 253:55:7 16 8 8 4 12
48 230 254:56:20 20 16
39 48 66 78 242 255 256 257 258 259 260 261:246:9 2 6 15 14 32 63 8 24 54 15 4
39 48 262:23:5 14 4
36 38 39 225 263 264 265 266 267:205:40 10 4 9 36 42 4 50 10
39 242 268 269 270 271:86:4 6 16 12 28 20
39 48 79 146 237 256 272 273:79:4 14 20 15 8 7 5 6
274:2:2
32 38 39 48 275 276 277 278 279 280 281 282 283:193:30 10 6 4 3 35 16 9 24 7 5 40 4
39 48 68:34:8 16 10
38 39 48 95 96 105 284 285 286 287:217:4 1 16 12 60 8 16 12 24 64
39 41 48 212 288 289 290 291 292 293 294 295 296 297 298 299:342:6 30 18 32 30 5 2 4 32 54 6 18 30 36 12 27
300 301 302:69:30 21 18
36 38 39 105 303 304 305 306 307 308 309 310 311 312 313 314 315 316 317 318 319 320 321:368:80 10 3 12 15 9 6 12 16 3 15 20 4 6 2 6 10 12 45 24 8 30 20
10 322 323 324 325 326 327:90:6 2 14 35 20 1 12
39 48 152 161 328:107:5 18 36 16 32
39 329 330:43:7 16 20
48 331 332 333 334 335 336 337 338 339:159:8 5 6 28 6 54 7 12 25 8
18 37 38 41 48 147 340 341 342 343 344 345 346 347:213:35 9 10 21 18 6 18 21 24 8 6 16 12 9
32 39 41 48 348 349 350:129:15 4 6 18 2 60 24
48 351 352 353 354 355 356 357 358 359 360 361 362 363 364:188:2 10 8 12 54 15 8 10 12 8 21 8 2 6 12
365 366:34:18 16
38 39 41 48 60 367 368 369 370 371 372 373 374 375:279:2 10 15 18 45 5 5 12 45 10 16 48 24 24
1 11 39 41 48 65 89 376 377 378 379 380 381 382 383 384 385:198:3 27 6 30 12 6 5 30 8 20 6 4 5 18 2 8 8
386 387 388 389:54:7 32 5 10
38 41 390:40:2 30 8
38 55 391:34:8 16 10
32 43 151 152 201 258 340 392 393 394 395 396 397 398 399:267:18 25 12 28 4 27 8 9 18 20 6 10 24 30 28
338 400 401 402 403 404:70:25 10 18 2 12 3
39 405 406 407:73:3 6 50 14
48 89 101 179 186 258 340 408 409 410 411 412 413 414 415 416 417 418 419 420 421 422:404:16 8 6 12 12 30 8 12 9 40 10 6 48 14 28 4 27 16 40 45 12 1
39 45 48 248 423 424 425 426:165:3 20 14 2 5 32 80 9
141 344 427 428 429 430 431:123:3 30 1 28 18 28 15
39 432 433 434:60:9 8 40 3
39 48 65 435 436 437 438:116:7 20 12 15 10 28 24
15 23 36 38 48 123 229 291 331 337 390 439 440 441 442 443 444 445 446 447 448 449 450:324:10 3 56 10 14 45 10 8 8 4 8 2 6 1 9 14 56 4 12 4 1 27 12
48 451 452 453 454 455 456 457 458 459 460:160:18 21 5 20 20 8 10 27 28 2 1
37 38 48 147 174 461 462 463 464 465 466 467 468 469 470 471:356:18 16 16 21 5 40 10 9 15 20 24 81 36 3 30 12
39 48 472 473 474 475:58:6 12 10 16 10 4
39 41 476:24:4 6 14
477 478 479:83:48 27 8
39 161 480 481 482 483 484 485 486:99:3 10 24 10 7 7 30 6 2
32 39 41 48 152 237 396:107:12 6 30 8 36 5 10
38 39 41 105 110 487:65:8 10 24 12 3 8
60 381:13:5 8
11 39 48 255 488 489 490 491 492 493 494 495 496 497 498 499 500:331:24 5 18 24 36 32 1 6 42 36 27 18 18 4 4 1 35
39:4:4
41 110 501:26:6 10 10
32 38 39 48 170 178 502 503:121:27 16 1 16 28 18 9 6
38 41 504:29:18 6 5
225 232 347 505 506 507 508 509 510 511 512 513 514 515:143:1 8 18 3 12 9 9 12 16 1 6 6 15 27
38 39 41 48 170 189 225 270 516:114:4 10 3 8 16 20 1 24 28
39 48:20:6 14
38 39 281 517:87:6 9 8 64
2 518 519 520:75:8 10 49 8
310 521 522:26:6 8 12
41 523 524:50:15 5 30
48 310 416 521 522 525 526 527 528 529 530 531:277:12 10 3 18 12 12 45 88 15 6 20 36
